1111111111111111111111111111111111111111111111111111111111111111111111111111111111111111111111111111111111111111111111
11111111111111111111111000000000000000000111111111111111111111111111111111111111111111111111111111111111111111111111111111111111
11111111111111111111000000000000000000000000111111111111111111111111111111111111111111111111111111111111111111111111111111111111
11111111111111111110000000000000000000000000011111111111111111111111111111111111111111111111111111111111111111111111111111111111
1111111111111111100000000000000000000000000001111111111111111111111111111111111111111111111111111111111111111111111111111111111
11111111111111111000000000000000000000000000000111111111111111111111111111111111111111111111111111111111111111111111111111111111
11111111111111111000000110000000000000000000000111111111111111111111111111111111111111111111111111111111111111111111111111111111
11111111111111111000001111000000000000000000000011111111111111111111111111111111111111111111111111111111111111111111111111111111
11111111111111111000001111000000000000000000000011111111111111111111111111111110000011100000000000001111111111111111111111111111
11111111111111111000000110000000000000000000000011111111111111111111111111111110000001100000000000000011111111111111111111111111
11111111111111111000000000000000000000000000000011111111111111111111111111111110011001111100111001110011111111111111111111111111
11111111111111111000000000000000000000000000000011111111111111111111111111111110011001111100111001110011111111111111111111111111
11111111111111111000000000000000000000000000000011111111111111111111111111111110011001111100111001110011111111111111111111111111
11111111111111111000000000000000000000000000000011111111111111111111111111111110000011111100111000000011111111111111111111111111
11111111111111111000000000000000000000000000000011111111111111111111111111111110000111111100111000001111111111111111111111111111
11111111111111111000000000000000000000000000000011111111111111111111111111111110000011111100111001111111111111111111111111111111
11111111111111111111111111111111000000000000000011111111111111111111111111111110010011111100111001111111111111111111111111111111
11111110000000000000000000000000000000000000000010000000000111111111111111111110011001111100111001111111111111111111111111111111
11111100000000000000000000000000000000000000000010000000000011111111111111111111111111111111111111111111111111111111111111111111
11110000000000000000000000000000000000000000000010000000000001111111111111111111111111111111111111111111111111111111111111111111
11110000000000000000000000000000000000000000000010000000000000111111111111111111111111111111111111111111111111111111111111111111
11100000000000000000000000000000000000000000000010000000000000111111111111111111111111111111111111111111111111111111111111111111
11000000000000000000000000000000000000000000000010000000000000111111111111111111111111111111111111111111111111111111111111111111
11000000000000000000000000000000000000000000000010000000000000011111111111111111111111111111111001111111111111111111111111111111
11000000000000000000000000000000000000000000000010000000000000011111111000001111111111111001111001111111111111111111111111111111
10000000000000000000000000000000000000000000000010000000000000011111111000000011111111111001111001111111111111111111111111111111
10000000000000000000000000000000000000000000000100000000000000001111111001110011001110000000001000001111100011100000011111111111
10000000000000000000000000000000000000000000000100000000000000001111111001110011001110000000001000000111000001100000001111111111
10000000000000000000000000000000000000000000001000000000000000001111111001110011100100111001111001100110011100100111001111111111
10000000000000000000000000000000000000000000010000000000000000001111111000000011100100111001111001100110011100100111001111111111
10000000000000000000000000000000000000000000100000000000000000001111111000001111100100111001111001100110011100100111001111111111
10000000000000000000000000000000000000000111000000000000000000001111111001111111110001111001111001100110011100100111001111111111
10000000000000000000011111111111111111111000000000000000000000001111111001111111110001111000001001100111000001100111001111111111
10000000000000000000110000000000000000000000000000000000000000001111111001111111111001111100001001100111100011100111001111111111
10000000000000000001000000000000000000000000000000000000000000001111111111111111110011111111111111111111111111111111111111111111
10000000000000000010000000000000000000000000000000000000000000001111111111111110000011111111111111111111111111111111111111111111
10000000000000000100000000000000000000000000000000000000000000001111111111111110000111111111111111111111111111111111111111111111
10000000000000000100000000000000000000000000000000000000000000001111111111111111111111111111111111111111111111111111111111111111
10000000000000001000000000000000000000000000000000000000000000001111111111111111111111111111111111111111111111111111111111111111
11000000000000001000000000000000000000000000000000000000000000011111111111111111111111100001111111111110011111111111111111111111
11000000000000001000000000000000000000000000000000000000000000011111111111111111100001100001111111111110011111111111111111111111
11000000000000001000000000000000000000000000000000000000000000011111111111111111000000111001111111111110011111111111111111111111
11000000000000001000000000000000000000000000000000000000000000111111111111111110001110111001111001110010000011111111111111111111
11100000000000001000000000000000000000000000000000000000000000111111111111111110011111111001111001110010000001111111111111111111
11110000000000001000000000000000000000000000000000000000000001111111111111111110011111111001111001110010011001111111111111111111
11110000000000001000000000000000000000000000000000000000000011111111111111111110011111111001111001110010011001111111111111111111
11111100000000001000000000000000000000000000000000000000000111111111111111111110011111111001111001110010011001111111111111111111
11111111000000001000000000000000000000000000000000000000001111111111111111111110001110111001111001110010011001111111111111111111
11111111111111111000000000000000011111111111111111111111111111111111111111111111000000111000011000000010000011111111111111111111
11111111111111111000000000000000000000000000000011111111111111111111111111111111100001111100011100000010000111111111111111111111
11111111111111111000000000000000000000000000000011111111111111111111111111111111111111111111111111111111111111111111111111111111
11111111111111111000000000000000000000000000000011111111111111111111111111111111111111111111111111111111111111111111111111111111
11111111111111111000000000000000000000000000000011111111111111111111111111111111111111111111111111111111111111111111111111111111
11111111111111111000000000000000000000000000000011111111111111111111111111111111111111111111111111111111111111111111111111111111
11111111111111111000000000000000000000001100000011111111111111111111111111111111111111111111111111111111111111111111111111111111
11111111111111111000000000000000000000011110000011111111111111111111111111111111111111111111111111111111111111111111111111111111
11111111111111111000000000000000000000011110000011111111111111111111111111111111111111111111111111111111111111111111111111111111
11111111111111111000000000000000000000001100000111111111111111111111111111111111111111111111111111111111111111111111111111111111
11111111111111111100000000000000000000000000000111111111111111111111111111111111111111111111111111111111111111111111111111111111
11111111111111111100000000000000000000000000001111111111111111111111111111111111111111111111111111111111111111111111111111111111
11111111111111111110000000000000000000000000011111111111111111111111111111111111111111111111111111111111111111111111111111111111
11111111111111111111100000000000000000000000111111111111111111111111111111111111111111111111111111111111111111111111111111111111
11111111111111111111111000000000000000000011111111111111111111111111111111111111111111111111111111111111111111111111111111111111
11111111111111111111111111000000000000011111111111111111111111111111111111111111111111111111111111111111111111111111111111111111
